600012
600020
600054
600055
600057
600059
600063
600067
600069
600072
600075
600076
600090
600093
600096
600103
600105
600106
600108
600110
600114
600116
600123
600129
600132
600133
600136
600146
600162
600172
600173
600175
600180
600184
600185
600197
600200
600206
600207
600210
600211
600217
600226
600227
600229
600230
600231
600239
600242
600252
600255
600261
600269
600273
600278
600283
600284
600285
600290
600295
600300
600303
600305
600308
600310
600318
600320
600322
600323
600326
600330
600331
600343
600351
600360
600363
600366
600381
600382
600389
600391
600400
600420
600422
600446
600449
600456
600459
600467
600477
600480
600481
600483
600490
600491
600495
600496
600501
600502
600503
600508
600512
600517
600523
600529
600531
600533
600546
600550
600552
600559
600562
600568
600569
600571
600577
600581
600590
600596
600601
600602
600603
600604
600612
600618
600619
600621
600622
600624
600626
600630
600635
600636
600638
600641
600650
600658
600661
600662
600667
600668
600675
600676
600677
600681
600684
600686
600691
600702
600708
600710
600711
600715
600720
600728
600734
600736
600738
600740
600742
600756
600758
600761
600764
600771
600773
600776
600781
600783
600789
600790
600797
600798
600800
600803
600810
600812
600846
600850
600851
600855
600856
600868
600873
600876
600929
600933
600936
600963
600966
600981
600986
600987
600988
600990
600995
600997
601011
601015
601020
601058
601069
601101
601107
601113
601116
601126
601163
601222
601330
601366
601369
601375
601388
601500
601519
601566
601588
601599
601606
601619
601636
601666
601677
601700
601789
601799
601858
601882
601886
601890
601908
601918
601929
601949
601952
603003
603008
603010
603013
603018
603026
603027
603039
603043
603055
603058
603063
603081
603096
603098
603103
603105
603108
603111
603113
603118
603126
603127
603128
603165
603180
603185
603218
603220
603277
603298
603299
603303
603305
603308
603313
603318
603323
603337
603338
603339
603345
603348
603357
603358
603359
603363
603367
603368
603385
603387
603393
603399
603421
603456
603458
603466
603508
603533
603555
603557
603579
603583
603587
603588
603590
603595
603596
603599
603603
603605
603609
603612
603618
603619
603626
603636
603638
603648
603658
603660
603666
603676
603678
603680
603686
603693
603699
603707
603708
603711
603713
603718
603727
603728
603730
603733
603773
603777
603801
603803
603808
603826
603839
603843
603848
603861
603876
603881
603882
603896
603898
603900
603919
603920
603959
603979
603980
603989
603997
603999
000011
000016
000019
000030
000034
000035
000036
000038
000040
000049
000055
000056
000058
000059
000065
000070
000088
000150
000151
000155
000407
000429
000498
000507
000514
000516
000517
000520
000525
000532
000544
000545
000546
000550
000555
000557
000558
000560
000561
000567
000576
000582
000584
000591
000592
000597
000601
000603
000615
000620
000626
000631
000639
000650
000657
000662
000665
000666
000667
000672
000673
000676
000683
000687
000688
000697
000710
000711
000726
000731
000733
000735
000739
000751
000789
000791
000793
000795
000796
000797
000799
000800
000801
000802
000810
000811
000815
000818
000821
000822
000828
000831
000836
000837
000838
000851
000875
000881
000882
000885
000889
000892
000900
000901
000902
000903
000905
000910
000913
000915
000917
000918
000921
000923
000925
000927
000928
000933
000935
000936
000950
000951
000957
000958
000965
000967
000968
000973
000976
000989
000996
001696
001896
002003
002016
002020
002022
002023
002025
002029
002031
002033
002034
002035
002036
002041
002042
002043
002047
002055
002060
002061
002063
002067
002068
002073
002079
002080
002091
002094
002095
002097
002099
002100
002101
002104
002108
002115
002117
002121
002123
002124
002126
002130
002135
002137
002138
002139
002141
002145
002148
002151
002156
002158
002166
002167
002168
002171
002178
002182
002185
002192
002197
002203
002204
002206
002215
002218
002219
002222
002224
002226
002228
002229
002232
002234
002235
002237
002239
002240
002245
002246
002247
002253
002256
002258
002261
002262
002267
002276
002277
002279
002283
002284
002287
002292
002293
002298
002301
002303
002305
002307
002308
002309
002313
002314
002318
002320
002321
002322
002326
002327
002329
002335
002341
002343
002345
002346
002349
002351
002355
002362
002364
002367
002370
002376
002377
002378
002383
002389
002393
002396
002400
002402
002409
002413
002418
002421
002425
002428
002429
002430
002433
002435
002436
002443
002446
002447
002448
002449
002451
002453
002458
002461
002462
002464
002467
002474
002481
002484
002485
002488
002497
002498
002502
002510
002511
002515
002516
002518
002519
002522
002530
002531
002534
002537
002538
002539
002540
002542
002543
002545
002547
002550
002554
002556
002557
002562
002564
002567
002568
002577
002581
002582
002584
002585
002590
002596
002597
002605
002609
002610
002611
002614
002617
002618
002619
002621
002626
002630
002631
002636
002638
002643
002646
002647
002648
002649
002650
002651
002653
002656
002657
002658
002662
002663
002664
002668
002675
002677
002683
002685
002695
002697
002698
002705
002712
002716
002717
002721
002726
002727
002733
002737
002741
002746
002747
002751
002752
002755
002756
002759
002768
002769
002776
002782
002792
002798
002822
002833
002840
002850
002851
002852
002859
002867
002895
002901
002906
002907
002911
002912
002913
002918
002928
002929
002930
002933
300006
300007
300008
300011
300012
300014
300016
300020
300021
300031
300034
300036
300037
300038
300039
300044
300045
300047
300050
300053
300054
300061
300064
300065
300066
300068
300073
300075
300078
300079
300081
300083
300085
300091
300096
300097
300098
300100
300101
300102
300107
300109
300110
300114
300118
300123
300128
300130
300131
300137
300140
300143
300145
300148
300149
300157
300158
300170
300171
300173
300176
300177
300178
300180
300183
300184
300185
300188
300191
300194
300198
300203
300205
300208
300209
300212
300213
300215
300219
300221
300222
300223
300224
300226
300229
300231
300232
300233
300236
300237
300238
300242
300248
300252
300255
300256
300262
300263
300271
300276
300278
300284
300285
300288
300292
300294
300298
300299
300300
300302
300303
300304
300307
300309
300310
300311
300317
300322
300323
300326
300328
300332
300336
300339
300343
300347
300348
300349
300352
300353
300355
300357
300359
300363
300364
300365
300366
300367
300368
300369
300373
300377
300378
300379
300386
300388
300393
300398
300401
300406
300409
300410
300423
300424
300426
300429
300431
300432
300438
300439
300441
300447
300451
300456
300457
300458
300463
300465
300467
300474
300476
300477
300482
300485
300487
300495
300496
300497
300502
300504
300506
300510
300511
300512
300518
300520
300523
300527
300528
300529
300531
300533
300558
300567
300568
300571
300595
300602
300607
300613
300616
300618
300623
300624
300625
300628
300630
300633
300634
300660
300661
300664
300666
300673
300674
300679
300682
300684
300685
300699
300723
300724
300725
300726
300735
300737
300740
300741
300747
300748
300751
300755
300759
600000
600004
600009
600010
600011
600015
600016
600018
600019
600023
600025
600027
600028
600029
600030
600031
600036
600038
600048
600050
600061
600066
600068
600085
600089
600100
600104
600109
600111
600115
600118
600153
600170
600176
600177
600188
600196
600208
600219
600221
600233
600271
600276
600297
600299
600309
600332
600339
600340
600346
600352
600362
600369
600372
600383
600390
600398
600406
600415
600436
600438
600482
600487
600489
600498
600516
600519
600522
600535
600547
600566
600570
600583
600585
600588
600606
600637
600660
600663
600674
600688
600690
600703
600704
600705
600733
600741
600760
600795
600809
600816
600837
600867
600886
600887
600893
600900
600919
600926
600958
600977
600998
600999
601006
601009
601012
601018
601021
601066
601088
601108
601111
601117
601138
601155
601162
601166
601169
601186
601198
601211
601212
601216
601225
601228
601229
601238
601288
601298
601318
601319
601328
601336
601360
601377
601390
601398
601555
601577
601600
601601
601607
601618
601628
601633
601668
601669
601688
601727
601766
601788
601800
601808
601818
601828
601838
601857
601877
601878
601881
601888
601898
601899
601901
601919
601933
601939
601985
601988
601989
601992
601997
601998
603019
603156
603160
603259
603260
603288
603799
603833
603858
603986
603993
000001
000002
000063
000069
000100
000157
000166
000333
000338
000402
000408
000413
000415
000423
000425
000538
000553
000568
000596
000625
000627
000629
000630
000651
000656
000661
000671
000703
000709
000725
000728
000768
000776
000783
000786
000858
000876
000895
000898
000938
000961
000963
001979
002001
002007
002008
002010
002024
002027
002032
002044
002050
002065
002081
002120
002142
002146
002153
002179
002202
002230
002236
002241
002252
002271
002294
002304
002310
002311
002352
002410
002411
002415
002422
002456
002460
002466
002468
002475
002493
002508
002555
002558
002594
002601
002602
002624
002625
002673
002714
002736
002739
002773
002925
002938
002939
002945
300003
300015
300017
300024
300033
300059
300070
300072
300122
300124
300136
300142
300144
300251
300296
300408
300413
300433
300498
600006
600008
600017
600021
600022
600026
600037
600039
600053
600056
600058
600060
600062
600064
600073
600079
600094
600098
600120
600125
600126
600138
600141
600143
600151
600155
600158
600160
600161
600166
600167
600169
600171
600179
600183
600195
600201
600216
600258
600259
600260
600266
600267
600277
600280
600282
600291
600298
600307
600312
600315
600316
600317
600325
600329
600335
600338
600348
600350
600373
600376
600380
600388
600392
600393
600409
600410
600416
600418
600426
600428
600435
600458
600460
600466
600478
600486
600497
600499
600500
600507
600511
600515
600521
600525
600528
600536
600545
600549
600557
600563
600565
600567
600572
600575
600580
600582
600584
600597
600598
600611
600623
600633
600639
600640
600642
600643
600645
600648
600649
600657
600664
600673
600694
600699
600707
600717
600718
600729
600737
600739
600745
600748
600750
600751
600754
600755
600757
600759
600763
600765
600770
600777
600779
600782
600787
600801
600804
600808
600811
600820
600823
600827
600835
600839
600845
600848
600859
600862
600863
600869
600872
600874
600875
600879
600881
600884
600885
600895
600901
600903
600908
600909
600917
600939
600959
600967
600970
600971
600978
600985
600993
600996
601000
601001
601003
601005
601016
601019
601068
601098
601100
601106
601118
601127
601128
601139
601168
601179
601200
601231
601311
601326
601333
601608
601611
601615
601678
601689
601699
601717
601718
601777
601801
601811
601866
601869
601872
601880
601928
601958
601966
601969
603000
603025
603056
603077
603198
603225
603228
603233
603328
603355
603369
603377
603444
603486
603501
603515
603517
603556
603568
603569
603650
603659
603712
603766
603806
603816
603866
603868
603877
603883
603885
603888
603939
000006
000008
000009
000012
000021
000025
000027
000028
000031
000039
000060
000061
000062
000066
000078
000089
000090
000156
000158
000301
000400
000401
000426
000488
000501
000513
000519
000528
000536
000537
000541
000543
000547
000552
000559
000563
000564
000581
000587
000598
000600
000623
000636
000681
000685
000686
000690
000712
000717
000718
000723
000727
000729
000732
000738
000750
000758
000761
000766
000778
000807
000813
000826
000829
000830
000848
000860
000869
000877
000878
000883
000887
000926
000930
000932
000937
000959
000960
000970
000975
000980
000983
000987
000988
000990
000997
000998
000999
002002
002004
002019
002028
002030
002038
002048
002049
002051
002056
002064
002074
002075
002078
002085
002092
002093
002110
002118
002127
002128
002129
002131
002152
002155
002157
002174
002176
002183
002191
002195
002212
002217
002221
002223
002233
002242
002244
002249
002250
002251
002254
002266
002268
002273
002280
002281
002285
002299
002302
002317
002332
002340
002344
002353
002358
002366
002368
002371
002372
002373
002375
002382
002384
002385
002387
002390
002399
002405
002407
002408
002414
002416
002419
002424
002426
002431
002434
002437
002439
002440
002444
002463
002465
002470
002482
002489
002491
002500
002503
002505
002506
002507
002509
002512
002517
002544
002572
002573
002583
002589
002603
002607
002635
002640
002665
002670
002672
002681
002690
002699
002701
002707
002709
002745
002797
002807
002812
002815
002818
002821
002831
002839
002916
002920
002926
002936
002941
002946
002948
300001
300002
300009
300010
300026
300027
300055
300058
300088
300113
300115
300133
300134
300159
300166
300168
300182
300197
300199
300207
300244
300253
300257
300266
300274
300287
300297
300308
300315
300316
300324
300376
300383
300418
300450
300459
003816
300789
603755
603992
600130
600157
600386
600189
600961
600237
000886
000949
600735
600099
600051
000570
300093
600377
600513
600365
600476
600463
600257
002133
600775
600792
600086
600774
601002
002052
600605
000420
000692
000767
000952
000756
000551
000416
600600
600353
600469
000506
000702
600784
000632
002198
002214
600527
600368
300425
600853
600780
600218
600594
600367
000599
000969
000721
000428
600724
600439
600359
000619
600033
000701
600802
600139
600613
002012
002062
600744
600199
600117
600355
600088
000757
600620
600122
600814
000850
600693
000026
000566
600506
600215
000698
600982
600279
600429
002264
600743
002144
002150
002149
600616
000430
000099
601008
002187
600156
600405
000518
600706
600327
600719
000888
600235
600530
000023
000782
600182
600159
002014
600241
600825
600128
600225
600573
002395
000530
600833
300042
002394
002361
002360
000529
300074
300095
300125
300127
300025
300035
002286
300063
603518
600992
600070
600220
002328
000716
300321
300325
600975
600617
000159
002337
002331
600268
002169
000509
000020
002026
600838
300119
300029
002391
000539
002599
002404
300117
002472
600191
002107
600712
002457
300163
002492
002469
000695
300071
002406
300147
300146
002528
002527
300174
600505
600888
002319
002553
002520
300193
002566
601199
300202
300206
002713
601233
300228
002579
300214
601010
601208
300240
002598
300243
300250
300273
002641
300277
002800
002632
002644
300290
300286
300295
601339
601515
002676
603002
601038
002674
002661
002652
600251
300342
002679
002678
002703
002708
002702
300356
300346
002686
300351
002719
300313
300329
300380
300381
002802
603016
601965
603227
600379
300150
600423
600071
000045
600768
002177
600864
000890
002315
002388
600548
000993
000880
002514
002551
300187
300210
600168
600818
600883
002090
600713
000978
600586
600287
600222
002255
600880
000713
000534
300358
000017
002316
002125
600644
300172
002897
603663
300560
300569
300046
300264
601137
300678
600275
600847
002592
600897
002715
002729
002735
600356
300391
300392
300395
300399
300419
000719
300455
600149
300018
002116
002165
603656
600228
300532
600665
000531
000948
601698
002825
300480
002162
603398
000780
603969
300405
600647
600826
002189
603317
603697
603967
603267
603681
603915
603068
603863
600989
603982
603327
603867
603217
603379
600968
600766
603100
603822
002806
600629
300546
603268
000722
002740
603688
603889
600212
300181
000798
000050
002392
002728
600246
601567
600822
002622
600683
603136
600378
300712
300767
000633
300272
002576
002858
603038
300138
300562
600678
600828
002173
002186
002398
002761
002494
603166
000708
600543
600470
300493
603009
600829
600148
300446
000779
000421
002163
002291
002086
002706
000677
603991
002248
002820
002863
002243
603818
603936
600593
300503
002354
600723
600841
002775
300489
002591
002785
002786
300462
300464
603800
002533
300192
000007
601158
603598
002633
300788
601236
002069
000608
300470
600078
002575
300261
002397
600599
002765
002696
000524
300387
000510
300435
300526
600589
000908
603899
300330
600203
002771
002058
002753
300449
300422
300452
600370
600685
601226
002780
300596
603887
603159
600858
601007
300415
002801
603021
002015
002689
002438
000590
300505
603825
603266
603033
603878
603987
603319
300600
603639
603819
603035
603416
603633
603559
002471
603505
603336
603577
603668
603966
603637
603928
603677
603360
603032
603908
603238
603817
603330
603615
300617
603630
603960
603787
603179
603758
603906
603041
603536
603197
603269
603139
300601
603320
603879
603335
300599
603331
603679
603970
300621
603383
603196
603938
603079
603963
300554
603683
603809
603617
603380
603129
603365
603080
603278
603477
002654
300448
603169
002899
002890
002480
300161
000682
002046
300089
603069
601368
603311
002102
000736
300132
002209
000638
002119
600345
300581
603722
002789
600113
300234
300437
002381
002088
603106
600793
002231
600689
600375
000693
002070
603020
603519
603566
300501
603968
002288
600722
000526
300453
002796
601206
601086
603580
603496
300400
600984
002795
002054
000920
600725
603499
300043
600479
002114
002805
000403
603567
603300
603528
002660
600444
002334
603099
000906
002324
000565
600965
002742
300728
300750
603321
000816
300543
002535
300420
002793
300545
000790
300103
300584
002826
300538
300540
300542
300586
600052
002479
300092
300268
603507
600313
300327
600609
002053
002154
002612
600433
600821
002084
000617
300411
603329
000962
600555
002817
000856
300270
600401
000037
300590
002608
600306
600223
300338
002423
002423
300556
300530
000540
002832
300550
601990
300711
603535
603214
603396
600671
002628
600730
600371
603315
300217
300536
603958
603306
600558
600095
600243
300204
300260
300337
002338
002810
002180
603012
002868
002898
002932
603527
300412
002866
002879
002880
002883
002842
002845
002849
002856
002857
600628
002211
002823
600361
600137
600081
603116
600448
600209
600778
002959
300693
600311
600824
600354
002312
300384
603998
002040
300087
002452
600187
600962
603797
300525
603045
603076
603661
603871
603709
600960
603236
603662
603810
300535
002671
000029
603716
603768
603926
300282
601028
300345
300509
300619
002082
002841
600509
002076
002374
300275
300334
300362
300491
300090
300152
600746
000613
002529
300306
300099
002417
600475
002588
002379
600083
000048
600152
600077
600292
000616
000835
002013
601996
000409
002749
603386
603655
603860
000922
603657
000823
000663
603976
600035
603608
688099
603256
600610
688188
300785
300783
603302
603333
300708
300120
688321
688088
688011
688122
688008
688016
688006
002960
000606
600844
000609
600192
000521
688005
688003
688001
688002
688333
688007
688019
688029
688009
688018
688010
688012
688066
688020
688028
688033
688015
688388
688022
600655
002306
603115
300786
300557
300494
002172
000505
300167
002147
002870
600520
300563
600328
603983
300736
603520
600716
300534
002136
002357
600249
600805
000705
300507
603030
000585
000033
600608
600860
000785
600452
300547
603006
002109
002106
600861
002593
600561
002184
002799
601968
002365
300019
600540
600682
002571
600889
600319
000502
000715
603669
002838
300421
002770
002772
600265
000096
000977
002037
002077
002265
603698
600101
002552
603199
600121
300314
603005
603131
603838
603737
000691
000929
002009
002045
002205
603918
300220
600080
000966
002103
002905
300701
300646
300700
300676
300690
300681
300683
002903
002919
300717
300697
300692
002908
002915
300707
300729
300716
300731
002917
300718
002864
300721
300733
300722
300739
002927
300454
600336
000419
002278
603309
300374
300500
300427
603687
002957
002950
603897
002790
300537
300508
600843
002600
300402
600578
002750
600696
002134
601177
300245
002325
002348
002441
002478
300200
002580
002613
600232
600732
600831
002181
002363
002386
300032
603601
300481
002722
600461
603028
300573
603123
600281
000005
000548
000788
002694
002847
600679
300390
002333
000820
002501
600687
600865
600747
002210
600654
000752
600462
600891
002450
002259
002089
000981
000018
002684
002356
002359
002290
300407
300468
002830
002884
600119
600595
600652
002442
002669
002718
600262
600537
600857
000861
002057
002274
300082
300086
603088
002781
002788
300473
300490
002777
300488
002111
002270
300249
300265
300585
002873
300153
300289
300312
000523
002227
002403
002779
300084
002565
300382
300576
300591
600532
002623
000659
002829
300787
603279
603778
600107
000955
002112
002347
603611
603168
002809
002813
600165
000863
002164
600289
603538
300094
300111
600395
000605
300013
002269
002194
300269
002639
600302
600834
600894
000593
000982
002170
603015
300169
600587
600791
000909
002132
603616
600983
002263
603613
002188
002122
000893
600634
603101
603586
603187
600928
603301
300416
300775
300570
002616
600293
600769
002843
300445
603933
600301
000812
000953
002487
300695
300190
000628
603990
600973
300121
603429
000635
600785
002680
300753
601616
000862
300471
002473
300179
300559
600727
600794
300201
300211
002819
603078
300637
000610
000652
002296
300652
600556
601518
300041
002937
000897
002655
603186
600256
300023
002524
002549
601865
300575
600976
002272
002297
002942
002931
603628
300632
002490
300403
002732
300414
600714
002459
300579
002824
600560
600830
000404
300052
603007
603067
603258
603203
603060
603585
603239
603690
300657
300655
300659
300578
300608
300609
300611
603955
300663
300622
300667
300629
603316
603717
300635
300636
002532
300670
300639
300638
603776
002910
300640
300642
300648
300514
300647
300651
300656
002190
600178
600731
600866
002096
000777
000919
002066
300218
603578
600980
000819
000833
600877
300589
001872
000803
600135
000899
002193
002208
002958
300758
300766
002947
300762
300763
002949
300765
002445
300105
002486
002595
603090
603916
603912
300738
603890
600403
600419
600488
600692
000759
002039
002342
600408
002113
600193
002952
000972
300320
603856
300715
603757
002017
002548
002627
300522
600272
601991
002401
300645
300732
300259
002688
002774
603200
300675
603880
002921
002238
603167
603767
603665
603157
603161
600150
603181
603700
600698
300777
603859
300653
300658
002541
002561
601558
002546
603029
002888
600007
600493
600836
000014
000554
002159
600131
603188
600321
002140
600819
002940
002587
002902
600695
002578
300436
300492
300615
300067
600202
600871
600288
002225
002666
002725
603696
300577
002887
300749
603813
002853
300671
000852
000417
300080
603602
000911
600455
300076
300572
600539
600399
600896
300583
000586
002087
300196
603726
300394
300515
603823
300620
300668
603917
300719
300761
600870
000655
300746
603606
300443
603811
002687
300385
300541
002837
603086
300610
002943
600697
002427
300129
300389
300430
300580
603050
001965
000859
002216
600749
300227
300517
002300
601218
300469
300539
300475
002875
002876
603929
603389
002828
603985
002006
300062
300479
300553
300705
002105
002734
300552
603036
603229
603289
002896
002199
002922
300756
601598
300669
600576
000042
002521
300371
603988
603701
300440
002882
300757
600127
000573
000912
603208
603089
300375
002483
603017
002513
300301
603332
603629
002295
300341
603351
603706
002526
300548
300592
603326
603488
600190
000046
000931
002336
000868
603689
603500
603685
002339
300139
603589
600163
002659
603023
601900
603886
002891
002691
600510
600551
600796
000737
002570
002523
002791
300588
002827
300691
600082
300051
300598
002748
300519
603903
002878
300703
600387
000755
300106
002476
300239
300281
002693
603283
603790
600969
300396
603189
603232
300643
600651
002885
000985
002213
002330
300582
300627
603895
002574
002783
603869
603177
300730
600425
601188
000753
002762
002758
600097
000068
000680
601999
603192
603378
603909
603607
002877
600397
300162
603956
600526
300154
300354
603037
300662
300626
603978
300650
603059
002615
300318
002923
603040
002886
300689
002369
300258
300319
002724
300472
300428
300587
002848
600538
002011
300235
002606
002682
603366
300521
603022
300631
300649
002559
603011
300565
603083
300727
300112
002560
603703
300484
002412
600807
300760
603183
300752
002504
300283
002738
300593
002900
300056
002667
002275
300279
300333
002700
603725
300702
603739
002059
600333
000760
600198
601798
000670
000504
002711
002766
002072
000611
300606
300710
002778
300483
002935
300672
300698
300713
300709
300654
300108
300680
603829
000622
000668
002455
300165
300195
300225
002763
603600
002836
300566
300597
300141
300267
002645
300360
300126
300293
002743
300605
002893
300706
300745
000032
300291
002767
603558
002731
300442
002816
002835
002862
002871
300335
300513
601595
002861
300687
603516
600592
002207
603031
603222
600213
603667
603388
600979
300603
300694
603121
603001
300397
300686
300604
002889
300743
300040
300155
300160
300230
300344
603779
300444
300561
000411
000762
300048
300049
300069
002563
300305
300370
300641
002881
000612
603855
002860
300696
300644
000004
300340
300417
300486
300516
300549
300499
600892
000825
300030
300175
300246
600248
300004
300151
603085
603066
603133
300720
000153
300466
300555
603356
603223
300551
002869
300280
300350
603729
603110
600579
300241
300331
603138
300005
603828
603901
603158
600091
601975
002289
002200
000422
000707
002477
002642
600238
000010
002499
000720
603297
603922
002496
600468
600854
600890
601099
000678
300254
002760
002161
002620
300404
603789
300022
300460
002865
002855
603178
603721
603042
000503
000700
002350
002495
300461
000637
600084
600385
002454
300434
603117
600882
603286
000806
002323
600236
002723
002730
300478
002787
002811
002803
002846
002909
300677
603937
600767
000410
000669
000839
002071
002083
002196
002201
600396
600666
600234
002872
600421
600186
600614
600615
002175
300247
000595
000607
000679
002432
000533
300135
600250
600358
002098
300116
300156
002018
002637
600653
600898
601258
600701
000971
002021
002420
000792
002143
000571
002569
002629
002005
600240
600485
600721
600726
600815
300742
000589
600145
600247
603977
002634
603322
300769
300773
300771
300768
300778
300772
002953
300770
603226
000939
000995
300216
300028
300104
600753
002604
002260
300776
300164
300057
600518
300779
300612
002892
002955
600680
601860
603788
603798
600270
600074
600112
603506
002220
603738
002586
002160
603996
002536
300780
002380
002692
000809
300781
300189
300688
002282
002757
600817
000572
002966
300782
002956
300077
300594
603530
603093
002961
688168
603927
002962
300790
300791
688116
300792
688030
688068
688036
688368
603786
300793
603815
300795
688139
002965
002963
688098
601077
603610
300799
688366
688108
688369
688025
300797
688058
688128
688389
688199
688202
688023
688299
688021
688288
300800
688363
002967
688166
300564
603489
300802
688300
688101
300796
688111
300803
688138
300805
688196
300798
603390
300806
601916
300801
300808
002969
688310
688358
002968
688118
688357
300809
688399
300810
688258
688198
601658
688039
688218
688037
002970
603053
300807
688089
601512
688123
603995
688268
002972
300811
688078
603109
688181
002973
688081
300812
002971
688178
300813
603551
601816
603195
603290
603719
688158
688278
688100
688159
300815
688298
002975
603893
300816
688186
688398
688080
300818
688208
300820
688090
300817
688200
688026
688266
601696
603719
688396
688169
688177
688233
688086
603948
002976
603949
300821
300819
300822
002977
688051
300823
603221
688189
688228
300825
603353
300826
688085
002979
688096
300827
002980
603095
002981
002978
688126
603682
300828
601609
300829
688318
603392
688588
002987
688466
300831
300830
603212
688365
002983
002985
603439
002982
300832
600918
688598
688566
601778
002988
300833
605001
688516
603950
002990
605168
605166
002986
